image: 220123_3rd.pgm
resolution: 0.050000
origin: [-11.200000, -9.600000, 0.000000]
negate: 0
occupied_thresh: 0.65
free_thresh: 0.196

